-- 2 workers --
Q1: 22.86482048034668 sec
Q2: 29.389634370803833 sec
Q3: 30.53567624092102 sec
Q3_RDD: 184.33808040618896 sec
Q4: 45.11521792411804 sec
Q5: 54.969961404800415 sec

-- 1 worker --
Q1: 20.775466203689575 sec
Q2: 22.811742544174194 sec
Q3: 24.007269620895386 sec
Q3_RDD: 218.27730679512024 sec
Q4: 33.65494179725647 sec
Q5: 50.40943956375122 sec